﻿age,qx,lx,dx,Dx,Nx,Sx,Cx,Mx,Rx,first ax,ax,ax (n year gtee)
10,0.00118,897001,1058.46118,415485.022,5475617.051,70145282.69,453.9558574,9883.758979,279670.1849,13.17885546,12.80385546,12.67885546
11,0.00118,895942.5388,1057.212196,384254.3979,5060132.029,64669665.64,419.8335088,9429.803122,269786.4259,13.16870297,12.79370297,12.66870297
12,0.00118,894885.3266,1055.964685,355371.2756,4675877.631,59609533.61,388.2760234,9009.969613,260356.6228,13.15772532,12.78272532,12.65772532
13,0.00118,893829.3619,1054.718647,328659.2014,4320506.355,54933655.98,359.0906089,8621.69359,251346.6532,13.14585545,12.77085545,12.64585545
14,0.00118,892774.6433,1053.474079,303954.9848,3991847.154,50613149.62,332.0989648,8262.602981,242724.9596,13.13302086,12.75802086,12.63302086
15,0.00118,891721.1692,1052.23098,281107.7017,3687892.169,46621302.47,307.1361926,7930.504016,234462.3566,13.11914311,12.74414311,12.61914311
16,0.00118,890668.9382,1050.989347,259977.7728,3406784.467,42933410.3,284.0497888,7623.367823,226531.8526,13.10413744,12.72913744,12.60413744
17,0.00118,889617.9489,1049.74918,240436.1102,3146806.695,39526625.83,262.698713,7339.318034,218908.4848,13.08791218,12.71291218,12.58791218
18,0.00118,888568.1997,1048.510476,222363.3293,2906370.584,36379819.14,242.9525264,7076.619321,211569.1667,13.07036818,12.69536818,12.57036818
19,0.00118,887519.6892,1047.273233,205649.019,2684007.255,33473448.55,224.6905949,6833.666795,204492.5474,13.05139829,12.67639829,12.55139829
20,0.00118,886472.416,1046.037451,190191.0678,2478358.236,30789441.3,207.8013518,6608.9762,197658.8806,13.0308866,12.6558866,12.5308866
21,0.0012,885426.3785,1062.511654,175895.0392,2288167.168,28311083.06,195.4389324,6401.174848,191049.9044,13.0087078,12.6337078,12.5087078
22,0.00123,884363.8669,1087.767556,162670.3381,2112272.129,26022915.89,185.2634406,6205.735916,184648.7296,12.98498641,12.60998641,12.48498641
23,0.00124,883276.0993,1095.262363,150435.42,1949601.791,23910643.77,172.7221488,6020.472475,178442.9937,12.95972579,12.58472579,12.45972579
24,0.00126,882180.837,1111.547855,139119.3334,1799166.371,21961041.97,162.3058889,5847.750326,172422.5212,12.9325402,12.5575402,12.4325402
25,0.00128,881069.2891,1127.76869,128651.8917,1660047.038,20161875.6,152.4763161,5685.444438,166574.7709,12.9034017,12.5284017,12.4034017
26,0.00129,879941.5204,1135.124561,118969.6456,1531395.146,18501828.57,142.1026323,5532.968121,160889.3264,12.87215019,12.49715019,12.37215019
27,0.00131,878806.3959,1151.236379,110014.9766,1412425.5,16970433.42,133.444092,5390.865489,155356.3583,12.83848385,12.46348385,12.33848385
28,0.00133,877655.1595,1167.281362,101732.275,1302410.524,15558007.92,125.2814128,5257.421397,149965.4928,12.80233361,12.42733361,12.30233361
29,0.00136,876487.8781,1192.023514,94071.26953,1200678.249,14255597.4,118.4601172,5132.139984,144708.0714,12.76349575,12.38849575,12.26349575
30,0.00139,875295.8546,1216.661238,86984.56722,1106606.979,13054919.15,111.9523597,5013.679867,139575.9314,12.72187716,12.34687716,12.22187716
31,0.00143,874079.1934,1249.933247,80429.31359,1019622.412,11948312.17,106.4943689,4901.727508,134562.2516,12.67724871,12.30224871,12.17724871
32,0.00148,872829.2601,1291.787305,74365.09229,939193.0985,10928689.75,101.9077191,4795.233139,129660.5241,12.62948878,12.25448878,12.12948878
33,0.00153,871537.4728,1333.452333,68754.65921,864828.0062,9989496.656,97.40243388,4693.32542,124865.2909,12.57846401,12.20346401,12.07846401
34,0.0016,870204.0205,1392.326433,63564.31906,796073.347,9124668.65,94.16936157,4595.922986,120171.9655,12.5239027,12.1489027,12.0239027
35,0.00168,868811.6941,1459.603646,58761.68162,732509.0279,8328595.303,91.4070603,4501.753624,115576.0425,12.46576013,12.09076013,11.96576013
36,0.00177,867352.0904,1535.2132,54317.5574,673747.3463,7596086.275,89.0204413,4410.346564,111074.2889,12.40385942,12.02885942,11.90385942
37,0.00187,865816.8772,1619.07756,50205.01419,619429.7889,6922338.929,86.92905235,4321.326123,106663.9423,12.33800645,11.96300645,11.83800645
38,0.002,864197.7996,1728.395599,46399.1952,569224.7747,6302909.14,85.92443555,4234.39707,102342.6162,12.2679881,11.8929881,11.7679881
39,0.00214,862469.4041,1845.684525,42876.29334,522825.5795,5733684.365,84.95858125,4148.472635,98108.21913,12.19381478,11.81881478,11.69381478
40,0.0023,860623.7195,1979.434555,39615.31303,479949.2862,5210858.786,84.36594442,4063.514053,93959.7465,12.11524659,11.74024659,11.61524659
41,0.00249,858644.285,2138.02427,36596.47945,440333.9732,4730909.5,84.37521652,3979.148109,89896.23245,12.03214024,11.65714024,11.53214024
42,0.00269,856506.2607,2304.001841,33801.25391,403737.4937,4290575.526,84.1901602,3894.772892,85917.08434,11.94445315,11.56945315,11.44445315
43,0.00292,854202.2589,2494.270596,31213.26716,369936.2398,3886838.033,84.39142603,3810.582732,82022.31144,11.85189099,11.47689099,11.35189099
44,0.00319,851707.9883,2716.948483,28816.78187,338722.9726,3516901.793,85.11623534,3726.191306,78211.72871,11.75436501,11.37936501,11.25436501
45,0.00349,848991.0398,2962.978729,26597.0892,309906.1908,3178178.82,85.94800122,3641.075071,74485.53741,11.65188372,11.27688372,11.15188372
46,0.00381,846028.0611,3223.366913,24540.98644,283309.1016,2868272.63,86.57514662,3555.12707,70844.46233,11.54432411,11.16932411,11.04432411
47,0.00417,842804.6941,3514.495575,22636.56045,258768.1151,2584963.528,87.40227507,3468.551923,67289.33526,11.43142377,11.05642377,10.93142377
48,0.00455,839290.1986,3818.770403,20872.37592,236131.5547,2326195.413,87.9345467,3381.149648,63820.78334,11.31311335,10.93811335,10.81311335
49,0.005,835471.4282,4177.357141,19238.33945,215259.1787,2090063.858,89.06638636,3293.215101,60439.63369,11.1890727,10.8140727,10.6890727
50,0.00547,831294.071,4547.178568,17724.21088,196020.8393,1874804.679,89.76984587,3204.148715,57146.41859,11.05949599,10.68449599,10.55949599
51,0.006,826746.8925,4960.481355,16321.53653,178296.6284,1678783.84,90.67520294,3114.378869,53942.26988,10.92401001,10.54901001,10.42401001
52,0.00659,821786.4111,5415.572449,15021.85862,161975.0919,1500487.212,91.66115584,3023.703666,50827.89101,10.78262657,10.40762657,10.28262657
53,0.00724,816370.8386,5910.524872,13817.4672,146953.2333,1338512.12,92.62820602,2932.04251,47804.18734,10.63532348,10.26032348,10.13532348
54,0.00793,810460.3138,6426.950288,12701.3229,133135.7661,1191558.887,93.26063945,2839.414304,44872.14483,10.48203932,10.10703932,9.982039319
55,0.0087,804033.3635,6995.090262,11667.22353,120434.4432,1058423.121,93.98596731,2746.153665,42032.73053,10.32245957,9.947459569,9.822459569
56,0.00955,797038.2732,7611.715509,10708.99878,108767.2196,937988.6774,94.6953133,2652.167698,39286.57686,10.15661892,9.78161892,9.65661892
57,0.0105,789426.5577,8288.978856,9821.044299,98058.22085,829221.4578,95.48237513,2557.472384,36634.40917,9.984500412,9.609500412,9.484500412
58,0.01155,781137.5789,9022.139036,8998.077161,88237.17655,731163.2369,96.22943631,2461.990009,34076.93678,9.806225816,9.431225816,9.306225816
59,0.01272,772115.4398,9821.308395,8235.323491,79239.09939,642926.0604,96.99381,2365.760573,31614.94677,9.621856322,9.246856322,9.121856322
60,0.01402,762294.1314,10687.36372,7528.305718,71003.7759,563686.961,97.72856127,2268.766763,29249.1862,9.431574455,9.056574455,8.931574455
61,0.01546,751606.7677,11619.84063,6872.924882,63475.47018,492683.1851,98.38464692,2171.038201,26980.41944,9.235583289,8.860583289,8.735583289
62,0.01706,739986.9271,12624.17698,6265.434688,56602.5453,429207.7149,98.97066276,2072.653555,24809.38123,9.034097093,8.659097093,8.534097093
63,0.01883,727362.7501,13696.24058,5702.357752,50337.11061,372605.1696,99.4216634,1973.682892,22736.72768,8.827420657,8.452420657,8.327420657
64,0.0208,713666.5095,14844.2634,5180.539218,44634.75286,322268.059,99.7733479,1874.261228,20763.04479,8.61585078,8.24085078,8.11585078
65,0.02297,698822.2461,16051.94699,4697.022224,39454.21364,277633.3061,99.89870416,1774.487881,18888.78356,8.399835419,8.024835419,7.899835419
66,0.02538,682770.2991,17328.71019,4249.195948,34757.19142,238179.0925,99.85610478,1674.589176,17114.29568,8.179710195,7.804710195,7.679710195
67,0.02803,665441.5889,18652.32774,3834.584588,30507.99547,203421.9011,99.52167222,1574.733072,15439.7065,7.956010559,7.581010559,7.456010559
68,0.03096,646789.2612,20024.59553,3451.019613,26673.41088,172913.9056,98.9292289,1475.211399,13864.97343,7.729139175,7.354139175,7.229139175
69,0.0342,626764.6657,21435.35157,3096.459302,23222.39127,146240.4947,98.05454455,1376.28217,12389.76203,7.499659775,7.124659775,6.999659775
70,0.03776,605329.3141,22857.2349,2769.037401,20125.93197,123018.1034,96.8137521,1278.227626,11013.47986,7.268205174,6.893205174,6.768205174
71,0.0417,582472.0792,24289.0857,2467.109768,17356.89457,102892.1715,95.25784936,1181.413874,9735.252236,7.035315086,6.660315086,6.535315086
72,0.04602,558182.9935,25687.58136,2189.103047,14889.7848,85535.2769,93.28011315,1086.156024,8553.838362,6.80177428,6.42677428,6.30177428
73,0.05075,532495.4121,27024.14217,1933.667152,12700.68175,70645.4921,90.86445183,992.8759113,7467.682338,6.568184053,6.193184053,6.068184053
74,0.05595,505471.27,28281.11756,1699.568097,10767.0146,57944.81035,88.04706944,902.0114595,6474.806426,6.335147513,5.960147513,5.835147513
75,0.06164,477190.1524,29414.001,1485.627094,9067.446504,47177.79575,84.79079081,813.96439,5572.794967,6.103447184,5.728447184,5.603447184
76,0.06786,447776.1514,30386.08964,1290.789852,7581.81941,38110.34924,81.10462902,729.1735992,4758.830577,5.873782939,5.498782939,5.373782939
77,0.07463,417390.0618,31149.82031,1114.07116,6291.029558,30528.52983,76.98438023,648.0689702,4029.656978,5.646883059,5.271883059,5.146883059
78,0.08199,386240.2415,31667.8374,954.5629898,5176.958398,24237.50027,72.46724031,571.08459,3381.588007,5.423380598,5.048380598,4.923380598
79,0.08998,354572.4041,31904.42492,811.3873799,4222.395408,19060.54188,67.6005893,498.6173497,2810.503417,5.203920486,4.828920486,4.703920486
80,0.09861,322667.9792,31818.28942,683.6840217,3411.008028,14838.14647,62.42414943,431.0167604,2311.886068,4.989158617,4.614158617,4.489158617
81,0.10795,290849.6897,31397.22401,570.6166114,2727.324007,11427.13844,57.03524371,368.5926109,1880.869307,4.779608501,4.404608501,4.279608501
82,0.11798,259452.4657,30610.20191,471.3134706,2156.707395,8699.814433,51.48663265,311.5573672,1512.276697,4.575951102,4.200951102,4.075951102
83,0.12874,228842.2638,29461.15304,384.914729,1685.393925,6543.107037,45.88326131,260.0707346,1200.719329,4.378616347,4.003616347,3.878616347
84,0.14023,199381.1108,27959.21316,310.5192655,1300.479196,4857.713113,40.31862649,214.1874733,940.6485948,4.188078938,3.813078938,3.688078938
85,0.15246,171421.8976,26134.98251,247.199212,989.9599302,3557.233917,34.89628876,173.8688468,726.4611215,4.00470504,3.62970504,3.50470504
86,0.16541,145286.9151,24031.90863,193.9918705,742.7607182,2567.273987,29.71129194,138.972558,552.5922747,3.828823942,3.453823942,3.328823942
87,0.1791,121255.0065,21716.77166,149.9108104,548.7688477,1824.513269,24.86020938,109.2612661,413.6197167,3.66063559,3.28563559,3.16063559
88,0.19346,99538.23482,19256.66691,113.9460965,398.8580374,1275.744421,20.41112206,84.4010567,304.3584506,3.500409839,3.125409839,3.000409839
89,0.20849,80281.56791,16737.90409,85.09452284,284.9119409,876.8863835,16.42718247,63.98993463,219.9573939,3.348181896,2.973181896,2.848181896
90,0.22413,63543.66382,14242.04137,62.36404239,199.817418,591.9744427,12.94227113,47.56275216,155.9674593,3.204048525,2.829048525,2.704048525
91,0.24032,49301.62244,11848.16591,44.80221256,137.4533756,392.1570247,9.969321965,34.62048103,108.4047071,3.068004185,2.693004185,2.568004185
92,0.25699,37453.45654,9625.163796,31.51420818,92.65116307,254.703649,7.498922557,24.65115907,73.7842261,2.939980676,2.564980676,2.439980676
93,0.27405,27828.29274,7626.343626,21.68089984,61.13695488,162.052486,5.501528333,17.15223651,49.13306704,2.819853205,2.444853205,2.319853205
94,0.29143,20201.94912,5887.454031,14.57337892,39.45605505,100.9155311,3.932518351,11.65070818,31.98083052,2.707406104,2.332406104,2.207406104
95,0.30903,14314.49509,4423.608416,9.561351021,24.88267613,61.45947603,2.735874357,7.718189826,20.33012235,2.602422615,2.227422615,2.102422615
96,0.32673,9890.886669,3231.649401,6.11722844,15.32132511,36.5767999,1.850631526,4.982315469,12.61193252,2.504618759,2.129618759,2.004618759
97,0.34445,6659.237268,2293.774277,3.813468881,9.204096666,21.25547479,1.216249404,3.131683943,7.629617052,2.413575921,2.038575921,1.913575921
98,0.36209,4365.462991,1580.690494,2.314740301,5.390627785,12.05137813,0.776059551,1.915434539,4.497933109,2.328826168,1.953826168,1.828826168
99,0.37952,2784.772497,1056.876858,1.367218505,3.075887484,6.660750342,0.48045071,1.139374988,2.58249857,2.249740969,1.874740969,1.749740969
100,0.39668,1727.895639,685.4216419,0.78549235,1.708668979,3.584862858,0.288508431,0.658924277,1.443123582,2.175284048,1.800284048,1.675284048
101,0.414,1042.473997,431.5842346,0.438799301,0.923176629,1.876193879,0.168206399,0.370415847,0.784199305,2.103869874,1.728869874,1.603869874
102,0.432,610.8897621,263.9043772,0.23808925,0.484377328,0.95301725,0.0952357,0.202209448,0.413783458,2.034435945,1.659435945,1.534435945
103,0.45,346.9853849,156.1434232,0.125217309,0.246288078,0.468639921,0.052173879,0.106973748,0.21157401,1.966885247,1.591885247,1.466885247
104,0.469,190.8419617,89.50488002,0.063768074,0.121070769,0.222351843,0.027691877,0.054799869,0.104600262,1.89861103,1.52361103,1.39861103
105,0.49,101.3370816,49.65517001,0.031352636,0.057302695,0.101281074,0.014224807,0.027107992,0.049800393,1.82768345,1.45268345,1.32768345
106,0.514,51.68191164,26.56450258,0.014805412,0.025950058,0.043978379,0.007046279,0.012883185,0.022692401,1.752741424,1.377741424,1.252741424
107,0.542,25.11740906,13.61363571,0.006662435,0.011144647,0.018028321,0.003343555,0.005836906,0.009809215,1.67275872,1.29775872,1.17275872
108,0.576,11.50377335,6.626173449,0.002825366,0.004482211,0.006883674,0.001506862,0.00249335,0.00397231,1.586417942,1.211417942,1.086417942
109,0.618,4.8775999,3.014356738,0.001109218,0.001656845,0.002401463,0.000634719,0.000986489,0.001478959,1.493706078,1.118706078,0.993706078
110,0.67,1.863243162,1.248372918,0.000392334,0.000547628,0.000744617,0.000243393,0.000351769,0.000492471,1.395818231,1.020818231,0.895818231
111,0.733,0.614870243,0.450699888,0.00011988,0.000155293,0.00019699,8.1363E-05,0.000108377,0.000140701,1.295405121,0.920405121,0.795405121
112,0.808,0.164170355,0.132649647,2.9637E-05,3.54132E-05,4.16967E-05,2.21729E-05,2.70138E-05,3.23245E-05,1.194897119,0.819897119,0.694897119
113,0.896,0.031520708,0.028242555,5.2688E-06,5.77616E-06,6.28353E-06,4.37115E-06,4.84093E-06,5.31072E-06,1.096296296,0.721296296,0.596296296
114,1,0.003278154,0.003278154,5.07366E-07,5.07366E-07,5.07366E-07,4.69783E-07,4.69783E-07,4.69783E-07,1,0.625,1